1181
1181
1181
1181
1181
1142
1112
1064
1044
1031
1017
996
969
933
895
871
843
820
798
766
740
714
684
657
642
617
596
575
562
547
529
519
508
498
490
483
475
467
455
451
444
439
430
424
418
414
409
405
393
386
381
374
373
369
359
355
352
347
343
336
331
326
324
320
317
312
312
309
305
302
299
295
289
286
284
283
281
277
275
274
273
267
263
260
259
251
248
243
237
233
233
230
227
182
180
173
172
170
167
164
163
161
159
158
158
151
148
146
144
137
134
130
130
129
127
126
125
123
121
116
112
110
107
105
104
103
101
101
101
100
98
98
96
95
94
93
92
90
89
86
82
81
80
80
79
78
77
77
74
74