187127270

56160264

14708971

307520311

206555113

218698538

149188913

323924707

277271902

303813732

265766019

227601746

281303430

174350329

116422885

186423711

93608215

249476433

180309343

216894361

273851686

187127270

97799905

90975052

64245554

55323869

211412469

76430629

62448048

270140505

157843599

303419581

150893632

226111430

68749195

219268320

225070065

80848727

109319797

32258766

235634074

213186340

158073835

58246001

195369502

174413550

37905482

29200931

222999814

186490325

180863324

94892223

298828829

228846532

204055512

45763071

24935689

264233650

247157065

164235630

188438133

47063057

187449345

292092669

169604714

159100678

157002358

90814069

185543263

225202958

82508314

113554707

51032512

72620170

21778463

135255323

140505578

305955661

194113216

257257062

205813555

137089642

199651161

259657862

150403927

142037665

281610724

51546281

284390566

242379286

247095953

218985169

137826842

148018430

217652658

147008581

201084793

186518313

143624719

134210065

132481515

138303505

127772549

111472141

250956614

290900990

27955612

271540213

175823908

222653085

134755614

107280695

159367042

256736858

319269912

280972857

169861413

75237420

172891672

213605157

321995682

109507073

122710496

67256634

24196460

113920123

229719850

177880590

70420433

30059564

25530913

20495901

151963377

289827309

226267006

40026478

30741807

150498968

186873396

338720469

157793064

154653732

321009657

282624759

194702553

169824631

157879491

199714128

137248403

126361703

22023600

104556497

89518334

282775065

279620543

8430769

129744178

112820828

80015671

252945438

245076443

231450782

302426293

176010453

242584729

197670837

50597986

170267604

319230993

219891739

141642424

222984325

170282384

222108596

135784465

144349300

111006960

48796715

141532909

152976928

146320034

219264925

224212849

159531055

204056685

174990700

199488459

240213035

235278093

195083922

166376320

238730186

166801223

201278463

206716908

136125963

47033045

270996051

267809865

255815140

245218613

165177983

149577209

138278958

164344167

231122722

131895285

124284416

107759979

102332860

75800870

75666083

66151926

29245611

280350089

90118654

307876676

173917359

117576547

59497214

75989078

168977773

92310081

218786218

90583623

144956248

291710485

191568656

300436231

236715794

172000201

154596264

268061206

321967847

118377561

308059569

194863242

139357860

135202133

112648169

100482894

64137073

325447150

282570437

244622401

171237887

306481796

187391231

58324910

205963286

184144675

147074888

143846062

127924543

81685032

53123590

124743313

45937984

308882131

97336736

30389769

301014290

31279482

122018377

22421839

182313747

195414638

19034327

61114883

207115041

163981410

176513243

159232077

234029148

205670140

113411353

25084254

64843681

236101780

164532290

38378684

229417885

134061932

237215695

39820919

223392231

196339166

180370793

170735748

151238793

126641922

290155251

245013873

222013496

186449210

132293733

205639665

192399562

186253855

228022633

150719372

49912196

95077029

158442968

210406609

217498732

233259685

164339644

313725463

166222168

235563416

181884282

179050546

331778351

38564702

183664694

33804858

165595582

209595016

261069625

22196215

192392329

159710739

152201310

121473082

112642872

16359350

220457332

221884176

220713561

94081702

172867146

192851268

165037119

118379841

68208152

210179181

229414313

43023207

109859538

141056600

340845490

69119033

56294022

168604270

70068188

40774950

317017043

162632136

208379089

31370637

301040165

189208163

168719452

176954806

180896308

275137067

190038924

158022159

239777062

210127589

315577365

189724054

169119494

105062932

32866275

22348844

233552071

209754223

166843960

150740049

198495782

53933888

169523224

229066603

150538879

147719858

30542483

24943177

235131595

249377457

189102664

204255323

241250041

150945179

182549496

302371459

55332648

157693557

143148905

137557294

97095361

223130523

87957050

63317881

106538577

92116447

152754592

118072671

267850026

239968989

245255802

187915252

266707975

307864642

26676210

100930111

284419428

281097403

212308065

223058010

65580749

247162244

278619339

172143614

222547467

183050581

23705675

94731453

68743063

118585072

205591385

180834456

162576263

203240361

21586897

228343135

42227131

285724046

211486142

279702883

220041709

192670318

320658751

282537168

278929053

183266354

214842076

203420676

238932028

186333859

56786556

121799632

87360035

334967719

45648257

173586591

174946513

232815735

155635754

207247986

199505684

169143335

29283074

150243219

27670657

189798834

273425959

91275336

248657329

163407377

200123109

275881055

170610481

258288677

312943001

150617861

116601011

210024092

191950956

151313477

108223203

107535592

76354258

71157569

67321017

48104511

42273245

191918369

202827977

192644399

265883872

147107320

25635700

147818969

166401150

254363188

219238257

137520310

138955571

223831432

233915105

205972526

157616890

220884807

101648313

221909387

212449259

268482385

308204877

154719329

258848823

321915338

111146347

73053311

183694846

246636647

268471563

230857464

132640179

124472323

105828322

56733650

199032038

182546023

272650424

29722085

277004206

223139452

173807873

176247174

174331247

166111671

193711180

111424447

157799658

145991514

205614038

38373346

269169409
- на топ-20 подписаны 38000 потенциальных студентов из нашего датасета
- посты с текстом в топ-20 группах используются редко
- интересы, описываемые пользователями на страницах не сильно коррелируют с основными темами сообщества (по крайней мере в науке и технике) (использовать посты на их стенах?) 
264714969

229258275

82865616

297938028

57510306

119500274

265213603

185065573

228647909

176060500

42509818

87182626

273802471

269457670

201507076

77230717

179895098

122137798

181867002

211184472

329499780

301639820

118637928

190834330

189100559

21701368

183082596

