66606961
66669875
66669200
66668469
66667749
66666910
66665732
66664964
66663990
66662836
66660565
66660067
66659761
66659393
66659080
66658838
66658644
66658316
66657770
66657203
66656496
66655257
66654015
66653319
66652557
66651577
66650396
66649442
66648733
66647972
66647070
66646428
66645920
66645378
66644830
66644281
66643448
66642818
66642049
66641372
66640372
66639411
66638449
66637348
66636409
66635625
66634928
66634005
66633261
66632303
66631231
66630215
66629146
66627798
66627156
66626541
66625900
66625271
66624684
66624227
66623666
66623301
66622960
66622632
66622336
66622056
66621542
66621060
66620439
66619292
66618404
66617846
66617355
66616750
66615925
66615368
66614565
66613857
66613238
66612661
66612143
66611633
66611025
66610349
66609767
66609221
66608450
66607766
66605950
66605038
66604246
66603446
66602664
66601981
66601197
66600453
66599762
66599138
66597801
66597073
