715227
715993
715992
715989
715987
715970
715969
715956
715947
715941
715929
715927
715924
715915
715914
715912
715910
715908
715907
715900
715899
715892
715891
715887
715886
715883
715882
715870
715853
715825
715824
715816
715806
715797
715786
715778
715773
715771
715770
715765
715762
715756
715740
715739
715738
715721
715720
715695
715694
715685
715684
715661
715659
715658
715639
715629
715628
715620
715614
715611
715606
715605
715593
715590
715587
715579
715557
715555
715541
715526
715523
715519
715511
715510
715505
715489
715488
715487
715480
715479
715477
715468
715457
715456
715438
715436
715434
715422
715420
715406
715395
715372
715371
715364
715350
715348
715347
715338
715337
715336
