232708
286453
286452
286438
286436
286433
286408
286402
286400
286397
286380
286373
286361
286345
286344
286343
286342
286341
286335
286332
286323
286320
286314
286311
286295
286277
286259
286253
286252
286245
286244
286239
286237
286235
286232
286231
286227
286218
286217
286213
286189
286186
286184
286182
286181
286174
286173
286172
286167
286162
286140
286113
286099
286089
286083
286082
286080
286079
286078
286077
286067
286064
286060
286058
286056
286052
286051
286050
286041
286039
286038
286034
286029
286028
286016
286014
286010
286006
286000
285981
285977
285976
285974
285970
285968
285967
285965
285964
285960
285948
285935
285932
285894
285878
285874
285873
285870
285869
285868
285867
