3173412
3175233
3175127
3175073
3174993
3174943
3174842
3174770
3174671
3174562
3174525
3174422
3174333
3174235
3174047
3173888
3173523
3173406
3173149
3172743
3172716
3172385
3172154
3172129
3172093
3171960
3171919
3171791
3171612
3171611
3171607
3171606
3171603
3171451
3171340
3171115
3171085
3170994
3170932
3170875
3170780
3170634
3170537
3170443
3170340
3170126
3169910
3169904
3169774
3169771
3169646
3169445
3169196
3169173
3169073
3168825
3168728
3168541
3168442
3168256
3167982
3167926
3167718
3167583
3167483
3167314
3166890
3166876
3166767
3166753
3166752
3166750
3166747
3166744
3166742
3166740
3166739
3166738
3166737
3166734
3166733
3166732
3166730
3166727
3166724
3166718
3166704
3166604
3166598
3166254
3166248
3165865
3165864
3165856
3165783
3165738
3165695
3165536
3165199
3165172
