191454
205010
205009
205008
205007
205006
205004
205003
205002
205001
205000
204999
204998
204997
204995
204993
204991
204989
204978
204971
204966
204964
204963
204960
204958
204955
204954
204952
204950
204949
204947
204946
204941
204939
204938
204933
204932
204931
204927
204926
204925
204924
204923
204919
204917
204916
204914
204912
204910
204893
204880
204879
204876
204875
204874
204872
204871
204869
204856
204854
204853
204852
204850
204848
204845
204839
204837
204836
204834
204831
204829
204826
204824
204823
204822
204821
204820
204819
204817
204816
204815
204811
204810
204809
204798
204796
204793
204791
204790
204789
204787
204786
204785
204784
204783
204781
204780
204776
204775
204773
