186166
191838
191837
191836
191835
191834
191829
191826
191818
191817
191816
191815
191808
191807
191804
191803
191801
191797
191789
191786
191785
191783
191780
191777
191775
191773
191768
191766
191762
191760
191759
191758
191754
191753
191752
191751
191749
191748
191745
191744
191743
191740
191739
191735
191729
191728
191726
191724
191723
191718
191716
191714
191713
191707
191706
191705
191704
191703
191702
191699
191696
191695
191693
191691
191688
191683
191681
191680
191679
191670
191668
191667
191663
191661
191660
191658
191655
191651
191650
191649
191646
191641
191639
191635
191631
191629
191628
191627
191626
191615
191614
191612
191609
191607
191596
191595
191594
191593
191590
191589
