102040
103958
103956
103955
103953
103951
103950
103949
103948
103947
103946
103943
103942
103941
103939
103935
103934
103933
103917
103916
103915
103914
103913
103912
103910
103908
103904
103902
103900
103899
103883
103882
103880
103879
103878
103877
103876
103875
103874
103873
103872
103871
103870
103869
103866
103864
103849
103831
103820
103818
103817
103816
103815
103814
103812
103809
103807
103806
103802
103801
103798
103797
103792
103790
103786
103784
103783
103781
103780
103779
103778
103777
103776
103775
103774
103773
103772
103769
103749
103741
103728
103726
103725
103722
103720
103718
103714
103710
103708
103707
103705
103703
103702
103700
103699
103697
103695
103694
103693
103692
