181863
182738
182737
182732
182731
182728
182727
182725
182723
182722
182721
182717
182716
182712
182710
182707
182705
182683
182682
182679
182676
182673
182665
182662
182658
182655
182654
182651
182648
182646
182641
182638
182637
182633
182632
182630
182628
182625
182621
182620
182615
182610
182603
182599
182588
182586
182583
182578
182574
182571
182565
182557
182555
182546
182539
182536
182534
182531
182526
182523
182521
182519
182516
182515
182514
182513
182506
182505
182503
182499
182498
182493
182490
182487
182485
182482
182478
182476
182475
182473
182472
182470
182469
182463
182462
182458
182456
182453
182450
182444
182442
182438
182435
182434
182432
182431
182425
182424
182422
182418
