200049
200493
200489
200488
200485
200483
200482
200481
200479
200474
200470
200463
200457
200455
200453
200452
200451
200448
200446
200442
200441
200439
200436
200434
200432
200428
200427
200424
200422
200420
200417
200416
200415
200412
200411
200410
200404
200402
200401
200399
200397
200394
200392
200391
200388
200384
200362
200359
200354
200350
200347
200346
200345
200343
200342
200340
200338
200336
200332
200329
200316
200314
200312
200311
200308
200303
200301
200298
200295
200294
200292
200291
200290
200283
200280
200277
200276
200275
200273
200272
200271
200270
200267
200266
200263
200262
200259
200257
200256
200254
200236
200228
200224
200218
200213
200212
200207
200206
200204
200201
