1075206
1075405
1075399
1075385
1075376
1075374
1075369
1075363
1075355
1075353
1075347
1075344
1075340
1075337
1075336
1075330
1075328
1075327
1075324
1075315
1075307
1075303
1075298
1075296
1075294
1075291
1075287
1075281
1075275
1075271
1075258
1075254
1075251
1075245
1075238
1075235
1075228
1075226
1075216
1075210
1075200
1075192
1075186
1075184
1075174
1075171
1075163
1075162
1075158
1075155
1075151
1075149
1075146
1075143
1075140
1075139
1075137
1075136
1075132
1075129
1075125
1075124
1075122
1075114
1075104
1075098
1075097
1075095
1075090
1075086
1075080
1075072
1075071
1075065
1075059
1075053
1075051
1075045
1075039
1075034
1075028
1075022
1075016
1075013
1075009
1075006
1075002
1074998
1074994
1074991
1074988
1074983
1074982
1074978
1074975
1074971
1074966
1074960
1074958
1074955
