16548158
16779577
16778478
16777664
16777131
16776438
16775585
16774627
16769979
16768975
16768674
16768488
16768107
16767644
16767480
16767122
16766575
16765920
16765700
16765228
16764927
16764506
16763838
16763389
16763036
16762619
16761437
16761108
16760547
16760193
16760000
16758919
16758887
16758302
16757899
16757616
16757312
16755992
16755541
16755084
16754658
16754157
16753761
16753191
16752557
16752173
16751421
16751045
16749778
16749352
16748756
16747334
16747248
16746300
16744911
16744412
16743712
16742319
16738157
16737770
16736552
16736466
16736173
16736069
16735758
16735312
16734558
16733896
16733880
16733311
16732089
16731988
16731669
16731533
16731157
16730773
16729713
16728685
16727991
16727470
16727182
16726837
16725647
16724863
16724194
16723640
16722752
16722515
16721012
16719996
16719191
16717983
16717191
16715929
16711529
16711106
16710733
16710159
16709506
16708582
