87477
109670
109667
109665
109661
109660
109659
109658
109655
109654
109653
109652
109651
109650
109649
109629
109621
109618
109617
109616
109613
109612
109610
109609
109604
109600
109597
109596
109591
109586
109582
109574
109569
109567
109565
109562
109561
109559
109555
109552
109551
109550
109549
109548
109547
109546
109522
109517
109514
109513
109510
109507
109505
109504
109503
109495
109490
109487
109485
109482
109479
109475
109474
109473
109472
109469
109467
109466
109464
109463
109461
109460
109457
109456
109455
109454
109453
109434
109433
109431
109430
109425
109422
109420
109417
109416
109412
109408
109407
109405
109403
109400
109398
109397
109394
109388
109377
109376
109374
109373
