119877
120287
120286
120285
120284
120283
120282
120280
120277
120276
120275
120274
120273
120272
120271
120270
120269
120267
120266
120265
120264
120261
120259
120257
120256
120254
120253
120252
120251
120250
120248
120246
120245
120243
120241
120238
120237
120234
120233
120232
120230
120229
120228
120227
120225
120222
120220
120217
120216
120215
120213
120212
120210
120209
120207
120206
120205
120204
120203
120201
120200
120199
120196
120194
120193
120190
120186
120185
120184
120183
120182
120181
120179
120177
120174
120171
120170
120169
120168
120167
120165
120164
120162
120161
120160
120158
120155
120153
120152
120147
120146
120144
120143
120142
120140
120138
120136
120133
120131
120129
