101676
101910
101909
101906
101901
101899
101898
101897
101896
101895
101894
101893
101891
101890
101887
101886
101885
101884
101883
101882
101864
101863
101862
101861
101859
101858
101856
101855
101854
101853
101851
101850
101849
101848
101847
101845
101844
101842
101841
101840
101837
101836
101835
101834
101832
101831
101828
101826
101822
101820
101812
101811
101810
101809
101808
101806
101805
101801
101800
101798
101797
101796
101795
101793
101791
101790
101789
101788
101786
101785
101783
101782
101781
101779
101778
101777
101776
101775
101774
101773
101771
101770
101769
101767
101766
101765
101764
101762
101761
101759
101758
101757
101755
101740
101739
101738
101737
101729
101728
101727
