155764
164877
164876
164875
164871
164867
164863
164862
164857
164854
164852
164851
164849
164848
164844
164843
164841
164838
164835
164834
164833
164832
164831
164830
164825
164824
164823
164822
164821
164820
164818
164816
164814
164811
164809
164801
164800
164799
164798
164796
164794
164791
164788
164786
164784
164782
164778
164776
164773
164772
164769
164768
164761
164760
164759
164758
164757
164756
164751
164750
164749
164748
164747
164746
164739
164738
164736
164734
164733
164727
164726
164725
164724
164721
164719
164718
164716
164713
164711
164708
164706
164702
164701
164700
164699
164694
164693
164688
164686
164679
164677
164675
164673
164670
164668
164667
164665
164656
164655
164654
