476291
476553
476551
476549
476545
476543
476537
476535
476533
476531
476529
476528
476525
476518
476510
476508
476506
476504
476499
476496
476490
476484
476481
476478
476474
476466
476465
476464
476456
476454
476450
476447
476443
476442
476438
476434
476433
476431
476429
476428
476426
476420
476417
476412
476411
476405
476403
476400
476398
476394
476391
476389
476386
476384
476383
476378
476376
476374
476372
476371
476367
476365
476361
476359
476358
476356
476352
476347
476342
476328
476326
476323
476318
476316
476312
476308
476305
476303
476299
476294
476288
476285
476283
476278
476271
476268
476266
476262
476259
476256
476254
476244
476243
476238
476237
476234
476230
476224
476222
476220
