6667128
6674180
6674070
6673966
6673897
6673818
6673722
6673624
6673576
6673510
6673400
6673251
6673166
6673021
6672763
6672692
6672588
6672499
6671928
6671790
6671595
6671436
6671333
6671172
6671032
6670625
6670603
6670471
6669845
6669767
6669676
6669523
6669358
6669241
6669116
6668929
6668760
6668621
6668386
6668187
6668089
6667691
6667551
6667484
6667419
6667248
6666977
6666786
6666648
6666430
6666326
6666212
6666137
6666034
6665927
6665806
6665722
6665593
6665505
6665382
6665239
6665124
6664936
6664255
6664199
6664095
6663952
6663816
6663546
6663359
6663296
6663218
6662794
6662767
6662751
6662339
6662232
6662083
6661800
6661616
6661497
6661347
6661181
6661002
6660591
6660556
6660415
6660330
6660246
6660156
6659802
6659641
6659545
6659429
6659343
6659198
6659005
6658932
6658869
6658784
