6116571
6116884
6116881
6116878
6116877
6116875
6116871
6116868
6116864
6116863
6116862
6116861
6116859
6116857
6116855
6116852
6116849
6116848
6116833
6116825
6116820
6116818
6116815
6116812
6116811
6116807
6116805
6116803
6116797
6116795
6116788
6116787
6116785
6116784
6116781
6116779
6116776
6116775
6116772
6116767
6116764
6116761
6116759
6116756
6116754
6116753
6116752
6116751
6116750
6116738
6116725
6116722
6116718
6116717
6116713
6116712
6116711
6116708
6116706
6116701
6116700
6116699
6116698
6116696
6116681
6116680
6116679
6116671
6116667
6116666
6116663
6116662
6116660
6116656
6116652
6116649
6116646
6116642
6116638
6116636
6116634
6116631
6116628
6116626
6116625
6116624
6116622
6116621
6116617
6116612
6116610
6116609
6116608
6116607
6116605
6116590
6116582
6116581
6116579
6116576
