2593421
2594386
2594384
2594378
2594361
2594356
2594353
2594351
2594348
2594345
2594341
2594338
2594336
2594332
2594330
2594325
2594321
2594316
2594313
2594311
2594308
2594305
2594303
2594301
2594292
2594290
2594287
2594286
2594282
2594279
2594275
2594272
2594270
2594268
2594265
2594260
2594257
2594255
2594254
2594250
2594247
2594246
2594242
2594238
2594236
2594235
2594229
2594224
2594214
2594211
2594199
2594196
2594193
2594189
2594188
2594173
2594172
2594170
2594166
2594159
2594156
2594153
2594150
2594145
2594144
2594139
2594137
2594135
2594124
2594119
2594117
2594116
2594115
2594106
2594104
2594103
2594102
2594100
2594098
2594094
2594093
2594089
2594084
2594077
2594076
2594072
2594071
2594069
2594066
2594062
2594051
2594029
2594028
2594026
2594023
2594021
2594018
2594015
2594011
2594006
