2818872
2822706
2822659
2822603
2822530
2822474
2822410
2822314
2822261
2822195
2822159
2822109
2822044
2821992
2821941
2821898
2821858
2821834
2821802
2821743
2821407
2821300
2820981
2820933
2820742
2820432
2820186
2820138
2820012
2819888
2819763
2819613
2819418
2819224
2819202
2819071
2819047
2819006
2818970
2818895
2818829
2818758
2818725
2818580
2818551
2818511
2818460
2818396
2818358
2818303
2818231
2818169
2818127
2818064
2818012
2817890
2817835
2817774
2817727
2817685
2817645
2817583
2817527
2817495
2817455
2817424
2817375
2817341
2817235
2817174
2817051
2816990
2816944
2816762
2816716
2816634
2816393
2816303
2816195
2816147
2816093
2815864
2815812
2815673
2815544
2815394
2815069
2815004
2814947
2814891
2814842
2814805
2814734
2814669
2814604
2814529
2814490
2814430
2814386
2814338
